
Descriptive Statistics
===============================================================================
Statistic             N      Mean     St. Dev.   Min  Pctl(25) Pctl(75)   Max  
-------------------------------------------------------------------------------
ID                  2,130 5,592.655  3,236.946    0   2,814.2  8,404.2  11,191 
Year_Birth          2,130 1,968.947    11.674   1,940  1,960    1,977    1,996 
Income              2,130 51,333.790 20,228.810 7,500  35,178  67,528.5 105,471
Kidhome             2,130   0.449      0.539      0      0        1        2   
Teenhome            2,130   0.506      0.542      0      0        1        2   
Recency             2,130   49.339     28.872     0      25       74      99   
MntWines            2,130  297.117    328.972     0      23     493.8    1,493 
MntFruits           2,130   25.690     38.405     0      2        33      185  
MntMeatProducts     2,130  161.615    213.571     0      16     223.8     984  
MntFishProducts     2,130   36.953     53.647     0      3        49      254  
MntSweetProducts    2,130   26.132     39.309     0      1       32.8     192  
MntGoldProds        2,130   43.028     50.623     0      9        54      249  
NumDealsPurchases   2,130   2.261      1.657      0      1        3       10   
NumWebPurchases     2,130   4.039      2.603      0      2        6       11   
NumCatalogPurchases 2,130   2.581      2.728      0      0        4       11   
NumStorePurchases   2,130   5.779      3.200      2      3        8       13   
NumWebVisitsMonth   2,130   5.305      2.272      0      4        7       10   
AcceptedCmp3        2,130   0.071      0.257      0      0        0        1   
AcceptedCmp4        2,130   0.065      0.247      0      0        0        1   
AcceptedCmp5        2,130   0.067      0.250      0      0        0        1   
AcceptedCmp1        2,130   0.060      0.238      0      0        0        1   
AcceptedCmp2        2,130   0.000      0.000      0      0        0        0   
Complain            2,130   0.000      0.000      0      0        0        0   
Response            2,130   0.143      0.350      0      0        0        1   
Age                 2,130   53.053     11.674    26      45       62      82   
LIncome             2,130   10.751     0.467    8.923  10.468   11.120  11.566 
Total_Spent         2,130  590.535    596.043     8      68     1,019    2,525 
TotalPurchases      2,130   14.660     7.470      4      7        21      35   
TotalAcceptedOffers 2,130   0.264      0.599      0      0        0        3   
AcceptedCampaign    2,130   0.198      0.399      0      0        0        1   
LTotal_Spent        2,130   5.585      1.470    2.079  4.220    6.927    7.834 
Year_Enrolled       2,130 2,013.032    0.682    2,012  2,013    2,013    2,014 
Loyalty_years       2,130   8.968      0.682      8      9        9       10   
-------------------------------------------------------------------------------
